1747484366016 1.41748 0
1747484654274 1.08973 1
1747484943378 0.97563 2
1747485230862 0.93575 3
1747485521802 0.89767 4
1747485810979 0.87983 5
1747486099150 0.84958 6
1747486388755 0.845 7
1747486679102 0.8323 8
1747486968164 0.81438 9
1747487258556 0.81139 10
1747487549984 0.81348 11
1747487839838 0.79805 12
1747488129109 0.78018 13
1747488418495 0.77834 14
1747488708146 0.77502 15
1747488996239 0.77749 16
1747489298266 0.76612 17
1747489591876 0.76203 18
1747489881919 0.76601 19
1747490173651 0.76494 20
1747490462863 0.73505 21
1747490746901 0.68801 22
1747491041536 0.67404 23
1747491331062 0.67277 24
1747491617460 0.66741 25
1747491903511 0.6623 26
1747492193605 0.65858 27
1747492485870 0.65845 28
1747492775526 0.65143 29
1747493067015 0.66417 30
1747493356717 0.65802 31
