1747484366016 6.06117 0
1747484654274 5.90711 1
1747484943378 5.72849 2
1747485230862 5.586 3
1747485521802 5.47187 4
1747485810979 5.37533 5
1747486099150 5.25623 6
1747486388755 5.18559 7
1747486679102 5.12665 8
1747486968164 5.04712 9
1747487258556 5.00733 10
1747487549984 4.94046 11
1747487839838 4.88667 12
1747488129109 4.82666 13
1747488418495 4.79312 14
1747488708146 4.73018 15
1747488996239 4.69963 16
1747489298266 4.65836 17
1747489591876 4.6433 18
1747489881919 4.61018 19
1747490173651 4.57877 20
1747490462863 4.51262 21
1747490746901 4.34218 22
1747491041536 4.31685 23
1747491331062 4.27973 24
1747491617460 4.27157 25
1747491903511 4.24153 26
1747492193605 4.22001 27
1747492485870 4.21106 28
1747492775526 4.2056 29
1747493067015 4.19819 30
1747493356717 4.18873 31
