1747484366016 1.18741 0
1747484654274 1.03345 1
1747484943378 0.96272 2
1747485230862 0.93354 3
1747485521802 0.9189 4
1747485810979 0.90803 5
1747486099150 0.90405 6
1747486388755 0.89946 7
1747486679102 0.89546 8
1747486968164 0.89062 9
1747487258556 0.88619 10
1747487549984 0.8848 11
1747487839838 0.88306 12
1747488129109 0.88321 13
1747488418495 0.88166 14
1747488708146 0.87902 15
1747488996239 0.87573 16
1747489298266 0.87487 17
1747489591876 0.87783 18
1747489881919 0.87211 19
1747490173651 0.8741 20
1747490462863 0.87367 21
1747490746901 0.86281 22
1747491041536 0.86328 23
1747491331062 0.85989 24
1747491617460 0.8596 25
1747491903511 0.85979 26
1747492193605 0.85946 27
1747492485870 0.85709 28
1747492775526 0.85954 29
1747493067015 0.85847 30
1747493356717 0.86071 31
