1747484366016 1.5026666666666666e-05 0
1747484654274 2.94207375e-05 1
1747484943378 4.2866058333333334e-05 2
1747485230862 4.1730625000000005e-05 3
1747485521802 4.03075e-05 4
1747485810979 3.8884375e-05 5
1747486099150 3.7461249999999996e-05 6
1747486388755 3.6038125e-05 7
1747486679102 3.4615e-05 8
1747486968164 3.3191875e-05 9
1747487258556 3.176875e-05 10
1747487549984 3.0345624999999998e-05 11
1747487839838 2.8922500000000003e-05 12
1747488129109 2.7499374999999998e-05 13
1747488418495 2.607625e-05 14
1747488708146 2.4653124999999998e-05 15
1747488996239 2.323e-05 16
1747489298266 2.1806875e-05 17
1747489591876 2.038375e-05 18
1747489881919 1.8960624999999998e-05 19
1747490173651 1.75375e-05 20
1747490462863 1.6114375e-05 21
1747490746901 1.4691250000000001e-05 22
1747491041536 1.3268125000000001e-05 23
1747491331062 1.1845000000000001e-05 24
1747491617460 1.0421875e-05 25
1747491903511 8.99875e-06 26
1747492193605 7.575625000000001e-06 27
1747492485870 6.1525e-06 28
1747492775526 4.729374999999999e-06 29
1747493067015 3.30625e-06 30
1747493356717 1.883125e-06 31
