1747484396677 0.0 0
1747484685007 0.00012 1
1747484974128 0.00093 2
1747485261790 0.00162 3
1747485552617 0.0019 4
1747485841617 0.00465 5
1747486130077 0.00355 6
1747486419723 0.00402 7
1747486710337 0.0067 8
1747486999471 0.00919 9
1747487289917 0.00769 10
1747487581585 0.00744 11
1747487871733 0.00666 12
1747488161168 0.00745 13
1747488450561 0.00715 14
1747488740947 0.00744 15
1747489030478 0.00813 16
1747489331737 0.00828 17
1747489625957 0.00808 18
1747489915568 0.01095 19
1747490207564 0.01104 20
1747490498018 0.01372 21
1747490790351 0.01288 22
1747491082409 0.01333 23
1747491371738 0.01417 24
1747491658829 0.01376 25
1747491946162 0.0138 26
1747492236793 0.0149 27
1747492528468 0.0152 28
1747492817959 0.0151 29
1747493109018 0.01515 30
1747493399995 0.01516 31
1747493440130 0.015146801788977749 31
