1747484396677 0.0 0
1747484685007 0.00013 1
1747484974128 0.00112 2
1747485261790 0.00187 3
1747485552617 0.00223 4
1747485841617 0.00516 5
1747486130077 0.00394 6
1747486419723 0.00427 7
1747486710337 0.00722 8
1747486999471 0.00983 9
1747487289917 0.00815 10
1747487581585 0.00796 11
1747487871733 0.00722 12
1747488161168 0.00794 13
1747488450561 0.00773 14
1747488740947 0.00802 15
1747489030478 0.00875 16
1747489331737 0.00887 17
1747489625957 0.0087 18
1747489915568 0.01167 19
1747490207564 0.01206 20
1747490498018 0.01481 21
1747490790351 0.01397 22
1747491082409 0.01439 23
1747491371738 0.01523 24
1747491658829 0.01486 25
1747491946162 0.01494 26
1747492236793 0.01622 27
1747492528468 0.0166 28
1747492817959 0.01642 29
1747493109018 0.01651 30
1747493399995 0.01652 31
1747493440130 0.016543345163131915 31
