1747484396677 0.0 0
1747484685007 0.00024 1
1747484974128 0.0018 2
1747485261790 0.00299 3
1747485552617 0.0035 4
1747485841617 0.00877 5
1747486130077 0.00607 6
1747486419723 0.00665 7
1747486710337 0.01174 8
1747486999471 0.01682 9
1747487289917 0.01307 10
1747487581585 0.01226 11
1747487871733 0.01028 12
1747488161168 0.01142 13
1747488450561 0.01062 14
1747488740947 0.01089 15
1747489030478 0.01213 16
1747489331737 0.01209 17
1747489625957 0.01127 18
1747489915568 0.01663 19
1747490207564 0.01707 20
1747490498018 0.02214 21
1747490790351 0.01912 22
1747491082409 0.01872 23
1747491371738 0.01937 24
1747491658829 0.0182 25
1747491946162 0.01779 26
1747492236793 0.01944 27
1747492528468 0.01965 28
1747492817959 0.01948 29
1747493109018 0.01931 30
1747493399995 0.01939 31
1747493440130 0.01954734485981588 31
