1747484396677 0.0 0
1747484685007 0.00027 1
1747484974128 0.01205 2
1747485261790 0.01966 3
1747485552617 0.02245 4
1747485841617 0.03225 5
1747486130077 0.03317 6
1747486419723 0.03299 7
1747486710337 0.03493 8
1747486999471 0.03675 9
1747487289917 0.03873 10
1747487581585 0.0409 11
1747487871733 0.04392 12
1747488161168 0.04816 13
1747488450561 0.05101 14
1747488740947 0.05332 15
1747489030478 0.05535 16
1747489331737 0.05709 17
1747489625957 0.0601 18
1747489915568 0.0625 19
1747490207564 0.06284 20
1747490498018 0.06521 21
1747490790351 0.06547 22
1747491082409 0.07066 23
1747491371738 0.07455 24
1747491658829 0.07695 25
1747491946162 0.07805 26
1747492236793 0.08086 27
1747492528468 0.0824 28
1747492817959 0.08344 29
1747493109018 0.08493 30
1747493399995 0.08393 31
1747493440130 0.08229835253288012 31
